
22.11.2020 23:25:17 Tarihli Oyun

0, 0

22.11.2020 23:29:51 Tarihli Oyun

0, 0

22.11.2020 23:29:58 Tarihli Oyun

0, 0
0, 1
0, 2
0, 3

22.11.2020 23:32:25 Tarihli Oyun

0, 0

22.11.2020 23:32:31 Tarihli Oyun

0, 0
1, 0
2, 0
3, 0

22.11.2020 23:32:51 Tarihli Oyun

0, 0
1, 0
2, 0
3, 0
2, 0
2, 1
2, 2
2, 3
3, 3
3, 4
3, 5
4, 5
4, 6
5, 6
5, 7
5, 8
6, 8
7, 8
7, 9
8, 9

22.11.2020 23:35:02 Tarihli Oyun

0, 0
1, 0
1, 1

22.11.2020 23:35:41 Tarihli Oyun

0, 0
1, 0
2, 0
1, 0
0, 0
0, 1
0, 2
0, 3
0, 2
0, 3
0, 2
1, 2
2, 2
2, 3
3, 3
4, 3
4, 2
4, 1
4, 0
3, 0
3, 1
3, 2
3, 3
2, 3
1, 3
1, 2
0, 2
0, 1
0, 0
1, 0
2, 0
2, 1
2, 0
2, 1
2, 2
2, 3

23.11.2020 01:25:23 Tarihli Oyun

0, 0

23.11.2020 01:25:45 Tarihli Oyun

0, 0
1, 0
2, 0
2, 1
1, 1
1, 2
1, 3
0, 3
1, 3
1, 4
1, 5
1, 6
2, 6
2, 7
3, 7
3, 8
2, 8
2, 9
3, 9
3, 10
4, 10
5, 10
6, 10
7, 10
6, 10
6, 11
7, 11
7, 12
7, 11
8, 11
8, 12
9, 12
9, 11
9, 10
9, 9
10, 9
10, 8
11, 8
12, 8
12, 9
12, 10
13, 10
13, 9
14, 9
14, 8
14, 7
14, 6
15, 6
16, 6
16, 7
17, 7
17, 8
17, 9
17, 10
17, 11
17, 12
17, 13
17, 14
17, 15
17, 14
18, 14
19, 14
20, 14
20, 15
19, 15
19, 16
19, 17
19, 18
18, 18
18, 19
18, 20
17, 20
16, 20
15, 20
15, 19
14, 19
13, 19
13, 18
13, 17
12, 17
12, 18
12, 17
12, 16
12, 15
12, 14
13, 14
14, 14
15, 14
15, 15
16, 15
16, 16
16, 17
16, 18
15, 18
14, 18
14, 19
13, 19
12, 19
11, 19
10, 19
9, 19
9, 20
9, 21
9, 22
8, 22
8, 23
8, 24
7, 24
6, 24
6, 25
7, 25
6, 25
6, 26
6, 27
6, 28
7, 28
7, 29
8, 29
8, 30
8, 31
9, 31
9, 30
10, 30
10, 29
11, 29
10, 29
9, 29
9, 28
9, 27
9, 26

23.11.2020 01:38:28 Tarihli Oyun

0, 0

23.11.2020 01:38:36 Tarihli Oyun

0, 0

23.11.2020 01:38:51 Tarihli Oyun

0, 0

23.11.2020 01:38:55 Tarihli Oyun

0, 0

23.11.2020 01:39:01 Tarihli Oyun

0, 0

23.11.2020 01:39:04 Tarihli Oyun

0, 0
1, 0
1, 1
2, 1
3, 1
4, 1
4, 2
5, 2
5, 1
5, 0
6, 0
7, 0
8, 0
9, 0
10, 0
10, 1
10, 2
10, 3
9, 3
9, 4
9, 5
8, 5
8, 6
7, 6
6, 6
5, 6
4, 6
3, 6
2, 6

23.11.2020 01:46:36 Tarihli Oyun

0, 0
0, 1

23.11.2020 01:47:53 Tarihli Oyun

0, 0
1, 0
2, 0
2, 1
2, 2
1, 2
1, 3
2, 3
3, 3
2, 3
2, 4
3, 4
4, 4
4, 3
4, 2
4, 1
5, 1
5, 2
5, 3
5, 2
6, 2
7, 2
6, 2
6, 1
6, 0
6, 1
7, 1
8, 1
9, 1
10, 1
10, 0
9, 0
10, 0
11, 0
12, 0
12, 1
12, 2
13, 2
13, 3
13, 2
14, 2

23.11.2020 01:53:12 Tarihli Oyun

0, 0
0, 1
0, 0
1, 0
2, 0
2, 1
2, 2
3, 2
4, 2
4, 3
5, 3
6, 3
7, 3
8, 3
7, 3
6, 3
5, 3
5, 4
4, 4
4, 5
4, 6
3, 6
2, 6
1, 6
1, 7
1, 8
2, 8
3, 8
4, 8
3, 8
3, 9
2, 9
2, 10
2, 11
2, 12
3, 12
2, 12
2, 13
3, 13

23.11.2020 01:57:28 Tarihli Oyun

0, 0

23.11.2020 01:57:30 Tarihli Oyun

0, 0

23.11.2020 10:13:59 Tarihli Oyun

0, 0

23.11.2020 10:17:56 Tarihli Oyun

0, 0
1, 0
2, 0
2, 1
2, 2
2, 3
3, 3
3, 4
3, 3
3, 2
4, 2
4, 1
5, 1
4, 1
4, 0
5, 0
6, 0
7, 0
8, 0
9, 0
10, 0
9, 0
9, 1
10, 1
10, 2
10, 3
11, 3
11, 2
12, 2
13, 2
13, 3
13, 4
13, 5
13, 6
14, 6
13, 6
12, 6
11, 6
10, 6
10, 7

23.11.2020 10:23:13 Tarihli Oyun

0, 0
1, 0

25.11.2020 12:14:10 Tarihli Oyun

0, 0

25.11.2020 12:14:56 Tarihli Oyun

0, 0
1, 0
1, 1
1, 2

25.11.2020 12:15:30 Tarihli Oyun

0, 0
0, 1
0, 2
1, 2
2, 2
2, 3
2, 4

25.11.2020 12:20:01 Tarihli Oyun

0, 0

25.11.2020 12:20:04 Tarihli Oyun

0, 0
0, 1

25.11.2020 12:20:47 Tarihli Oyun

0, 0
0, 1

25.11.2020 12:21:49 Tarihli Oyun

0, 0
1, 0
1, 1

25.11.2020 12:21:59 Tarihli Oyun

0, 0

25.11.2020 12:24:37 Tarihli Oyun

0, 0

25.11.2020 12:24:56 Tarihli Oyun

0, 0
1, 0
1, 1
1, 2
0, 2
1, 2
2, 2
3, 2
4, 2
4, 3
3, 3
2, 3
2, 4
1, 4
0, 4
0, 3
0, 2
1, 2
1, 1
2, 1
3, 1
4, 1
4, 0
5, 0
4, 0
3, 0
4, 0
5, 0
6, 0
7, 0
7, 1
7, 2
6, 2
5, 2
4, 2
4, 1
5, 1
4, 1
4, 0
4, 1
4, 2
3, 2
3, 1
4, 1
5, 1
5, 2
5, 3
6, 3
6, 4
7, 4
7, 3
7, 2
7, 1
7, 2
6, 2
5, 2
4, 2
4, 1
4, 0
5, 0
6, 0
7, 0
7, 1
6, 1
5, 1
4, 1
4, 2
3, 2
3, 3
2, 3
1, 3
1, 4
2, 4
2, 3
2, 2
1, 2
1, 1
0, 1
0, 0
1, 0
2, 0
2, 1
2, 2
2, 3
1, 3
1, 4
0, 4
0, 3

25.11.2020 12:32:17 Tarihli Oyun

0, 0

25.11.2020 12:32:35 Tarihli Oyun

0, 0
1, 0
0, 0

25.11.2020 12:33:14 Tarihli Oyun

0, 0
1, 0
2, 0
1, 0
1, 1
1, 2
0, 2
0, 1
1, 1
1, 0
2, 0

25.11.2020 12:36:33 Tarihli Oyun

0, 0
1, 0
2, 0
2, 1
2, 2
1, 2
2, 2
1, 2
1, 1
1, 0
2, 0
2, 1
2, 2
1, 2
2, 2
2, 1

26.11.2020 16:09:24 Tarihli Oyun

0, 0

26.11.2020 16:10:01 Tarihli Oyun

0, 0
1, 0
2, 0
3, 0
4, 0
5, 0
6, 0
5, 0
4, 0
3, 0
2, 0
1, 0
2, 0
3, 0
3, 1
3, 2
3, 3
3, 4
3, 5
3, 6
3, 5
2, 5
3, 5
2, 5

26.11.2020 16:13:14 Tarihli Oyun

0, 0

29.11.2020 16:21:47 Tarihli Oyun

0, 0

29.11.2020 16:21:51 Tarihli Oyun

0, 0
0, 1
0, 2
0, 3
0, 4
0, 5

29.11.2020 16:22:32 Tarihli Oyun

0, 0
1, 0
2, 0
3, 0
4, 0
4, 1
4, 2
4, 1
5, 1
6, 1
6, 2
6, 3
5, 3
5, 4
6, 4
6, 5
6, 6
7, 6
8, 6
9, 6
10, 6
11, 6
12, 6
12, 7
13, 7
13, 8
13, 9
13, 10
14, 10
14, 11
13, 11
13, 12
12, 12
12, 11
11, 11
11, 10
10, 10
10, 9
10, 8
11, 8
12, 8
12, 9
12, 8
13, 8
14, 8
14, 7
14, 6
14, 5
14, 4
14, 3
14, 2
14, 1
13, 1
12, 1
12, 2
12, 3
11, 3
10, 3
9, 3
9, 4
8, 4
7, 4
7, 3
7, 2
7, 1
8, 1
9, 1
9, 0
10, 0
10, 1
10, 2
10, 3
10, 4
10, 5
10, 6
10, 7
10, 8
11, 8
11, 9

29.11.2020 16:24:41 Tarihli Oyun

0, 0

29.11.2020 16:25:00 Tarihli Oyun

0, 0
1, 0
2, 0
3, 0
4, 0
5, 0
6, 0
6, 1
7, 1
8, 1
9, 1
