
22.11.2020 23:25:17 Tarihli Oyun

19, 0

22.11.2020 23:29:53 Tarihli Oyun

19, 0

22.11.2020 23:29:59 Tarihli Oyun

19, 0
18, 0
17, 0

22.11.2020 23:32:25 Tarihli Oyun

19, 0

22.11.2020 23:32:31 Tarihli Oyun

19, 0
18, 0
18, 1

22.11.2020 23:32:51 Tarihli Oyun

19, 0
18, 0
17, 0
17, 1
17, 2
18, 2
18, 3
18, 4
18, 5
18, 6
18, 7
18, 8
18, 9
18, 10
18, 11
18, 12
18, 13
18, 14
17, 14
16, 14
15, 14
14, 14
14, 13
14, 12
13, 12
13, 11
13, 10
14, 10
15, 10
16, 10

22.11.2020 23:35:02 Tarihli Oyun

4, 0
3, 0
2, 0
2, 1
3, 1
4, 1

22.11.2020 23:35:41 Tarihli Oyun

4, 0
3, 0
3, 1
3, 2
3, 1
2, 1
3, 1
4, 1
4, 2
3, 2
3, 1
2, 1
1, 1
1, 0
0, 0
1, 0
1, 1
2, 1
2, 0
3, 0
3, 1
3, 2
3, 3
2, 3
1, 3
0, 3
0, 2
0, 1
1, 1
2, 1
2, 2
1, 2
0, 2
0, 3
1, 3
1, 2
1, 1
2, 1
2, 0
3, 0
4, 0
3, 0
3, 1
3, 2

23.11.2020 01:25:23 Tarihli Oyun

4, 0

23.11.2020 01:25:46 Tarihli Oyun

49, 0
48, 0
47, 0
47, 1
47, 2
47, 3
47, 4
46, 4
45, 4
45, 5
45, 6
46, 6
47, 6
48, 6
48, 7
48, 8
48, 9
47, 9
46, 9
45, 9
44, 9
43, 9
42, 9
41, 9
40, 9
39, 9
39, 8
39, 7
38, 7
37, 7
36, 7
35, 7
35, 6
34, 6
33, 6
33, 7
33, 8
32, 8
31, 8
31, 7
31, 6
31, 5
31, 4
30, 4
30, 3
29, 3
28, 3
27, 3
26, 3
25, 3
24, 3
25, 3
26, 3
26, 4
26, 5
26, 6
26, 7
26, 8
27, 8
27, 9
27, 10
27, 11
27, 12
26, 12
25, 12
24, 12
24, 13
23, 13
23, 14
23, 15
22, 15
21, 15
21, 16
21, 17
22, 17
22, 18
22, 19
22, 20
23, 20
23, 21
22, 21
21, 21
20, 21
19, 21
18, 21
17, 21
16, 21
16, 22
16, 23
15, 23
14, 23
14, 24
14, 25
14, 26
14, 27
13, 27
13, 28
13, 29
12, 29
12, 28
12, 27
12, 26
12, 25
12, 24
12, 23
12, 22
12, 21
12, 20
11, 20
10, 20
10, 21
9, 21
8, 21
8, 22
8, 23
9, 23
10, 23
11, 23
11, 24
11, 25
11, 26
11, 27
12, 27
13, 27
14, 27
15, 27
16, 27
17, 27
18, 27
19, 27
20, 27
20, 26
20, 25
20, 24
20, 23
20, 22
20, 21
20, 20
20, 19
20, 18
20, 17
21, 17

23.11.2020 01:38:28 Tarihli Oyun

29, 0

23.11.2020 01:38:36 Tarihli Oyun

29, 0

23.11.2020 01:38:51 Tarihli Oyun

29, 0

23.11.2020 01:38:55 Tarihli Oyun

29, 0

23.11.2020 01:39:01 Tarihli Oyun

29, 0

23.11.2020 01:39:04 Tarihli Oyun

29, 0
28, 0
27, 0
27, 1
27, 2
26, 2
25, 2
24, 2
23, 2
22, 2
22, 1
22, 0
21, 0
20, 0
20, 1
19, 1
19, 2
18, 2
17, 2
17, 3
17, 4
16, 4
15, 4
15, 3
15, 2
15, 1
14, 1
13, 1
12, 1
11, 1
10, 1
9, 1
9, 2
10, 2
9, 2
8, 2
8, 3
8, 4
8, 3
8, 2
8, 1
8, 0
7, 0
6, 0
6, 1
6, 2
6, 3
5, 3
4, 3
3, 3
3, 4
3, 5
3, 4
4, 4

23.11.2020 01:46:36 Tarihli Oyun

29, 0
28, 0

23.11.2020 01:47:53 Tarihli Oyun

19, 0
18, 0
17, 0
17, 1
17, 2
16, 2
16, 3
16, 4
16, 5
16, 6
15, 6
15, 7
14, 7
13, 7
12, 7
11, 7
11, 6
11, 5
11, 4
11, 3
11, 2
10, 2
9, 2
9, 1
10, 1
10, 2
9, 2
8, 2
8, 3
7, 3
7, 4
7, 5
7, 6
8, 6
8, 7
7, 7
6, 7
5, 7
4, 7
4, 8
4, 7
5, 7
6, 7
7, 7
8, 7
9, 7
10, 7
11, 7
12, 7
13, 7
14, 7
15, 7
16, 7
16, 8
15, 8
14, 8
13, 8
12, 8
11, 8
11, 7
10, 7
9, 7
8, 7
7, 7
6, 7
5, 7
6, 7
7, 7
7, 8

23.11.2020 01:53:12 Tarihli Oyun

19, 0
18, 0
17, 0
16, 0
15, 0
15, 1
15, 2
14, 2
13, 2
12, 2
13, 2
13, 3
13, 4
13, 5
14, 5
13, 5
12, 5
11, 5
10, 5
9, 5
8, 5
8, 6
9, 6
10, 6
10, 7
11, 7
12, 7
13, 7
14, 7
14, 8
14, 9
14, 10
14, 11
14, 12
14, 13
14, 14
14, 15
15, 15
15, 16
15, 17
15, 16
15, 15
15, 14
15, 13
15, 12
15, 11
16, 11
17, 11
17, 12
16, 12
15, 12
14, 12
13, 12
12, 12
11, 12
11, 11
11, 10
11, 9
11, 8
11, 7

23.11.2020 01:57:28 Tarihli Oyun

19, 0

23.11.2020 01:57:30 Tarihli Oyun

19, 0

23.11.2020 10:14:00 Tarihli Oyun

19, 0

23.11.2020 10:17:56 Tarihli Oyun

19, 0
18, 0
17, 0
16, 0
15, 0
14, 0
14, 1
14, 2
14, 3
15, 3
15, 4
15, 5
15, 6
15, 7
14, 7
13, 7
12, 7
11, 7
10, 7
10, 8
10, 9
9, 9
9, 8
9, 7
9, 6
9, 5
9, 4
8, 4
7, 4
6, 4
5, 4
4, 4
4, 5
4, 6
3, 6
2, 6
1, 6
1, 5
1, 4
1, 3
1, 2
2, 2
3, 2
2, 2
2, 3
2, 4
2, 5
1, 5
1, 6
1, 7
2, 7
3, 7
4, 7
5, 7
6, 7
7, 7
8, 7
9, 7
10, 7
11, 7
12, 7
13, 7
14, 7
15, 7
15, 8
15, 9
15, 10
15, 11
15, 12
15, 13
15, 14
15, 15
14, 15
13, 15
12, 15
11, 15
10, 15
9, 15
8, 15
7, 15
6, 15
5, 15
5, 14
5, 13

23.11.2020 10:23:13 Tarihli Oyun

19, 0
18, 0
17, 0

25.11.2020 12:14:10 Tarihli Oyun

19, 0

25.11.2020 12:14:56 Tarihli Oyun

19, 0
18, 0
17, 0
16, 0
15, 0
14, 0
13, 0
12, 0
11, 0
11, 1
10, 1
9, 1
8, 1
7, 1

25.11.2020 12:15:30 Tarihli Oyun

19, 0
18, 0
17, 0
16, 0
15, 0

25.11.2020 12:20:01 Tarihli Oyun

19, 0

25.11.2020 12:20:04 Tarihli Oyun

19, 0
18, 0

25.11.2020 12:20:47 Tarihli Oyun

19, 0
18, 0

25.11.2020 12:21:49 Tarihli Oyun

19, 0
18, 0

25.11.2020 12:21:59 Tarihli Oyun

19, 0

25.11.2020 12:24:37 Tarihli Oyun

19, 0

25.11.2020 12:24:56 Tarihli Oyun

7, 0
6, 0
5, 0
5, 1
5, 2
4, 2
4, 1
4, 0
5, 0
6, 0
7, 0
6, 0
6, 1
6, 2
6, 3
5, 3
5, 4
4, 4
4, 3
4, 2
4, 1
5, 1
5, 2
5, 3
5, 4
4, 4
3, 4
3, 3
3, 2
4, 2
5, 2
4, 2
3, 2
2, 2
1, 2
1, 3
2, 3
3, 3
4, 3
5, 3
5, 4
5, 3
6, 3
7, 3
6, 3
5, 3
4, 3
3, 3
2, 3
2, 2
2, 1
2, 0
1, 0
1, 1
1, 2
1, 3
0, 3
0, 2
1, 2
2, 2
3, 2
3, 3
3, 4
3, 3
3, 2
3, 1
3, 0
4, 0
3, 0
2, 0
1, 0
0, 0
0, 1
0, 2
0, 3
0, 4
0, 3
0, 2
0, 1

25.11.2020 12:32:17 Tarihli Oyun

7, 0

25.11.2020 12:32:35 Tarihli Oyun

2, 0
2, 1
1, 1

25.11.2020 12:33:14 Tarihli Oyun

2, 0
2, 1
1, 1
1, 0
0, 0
1, 0
0, 0
1, 0
2, 0
2, 1
1, 1
1, 2
0, 2
0, 1
0, 0

25.11.2020 12:36:33 Tarihli Oyun

2, 0

26.11.2020 16:09:24 Tarihli Oyun

2, 0

26.11.2020 16:10:01 Tarihli Oyun

19, 0
18, 0
17, 0
16, 0
15, 0
14, 0
13, 0
13, 1
13, 2
13, 3
13, 4
13, 5
13, 6
13, 7
13, 8
13, 9
13, 10
13, 11
13, 12
13, 11
13, 10
13, 9
13, 8
13, 7
13, 6

26.11.2020 16:13:14 Tarihli Oyun

19, 0

29.11.2020 16:21:47 Tarihli Oyun

19, 0

29.11.2020 16:21:51 Tarihli Oyun

19, 0
18, 0
17, 0
16, 0
16, 1
16, 2
16, 3
16, 4
16, 5
16, 6

29.11.2020 16:22:32 Tarihli Oyun

14, 0
13, 0
12, 0
11, 0
10, 0
9, 0
8, 0
7, 0
6, 0
7, 0
6, 0
5, 0
4, 0
3, 0
2, 0
2, 1
2, 2
2, 3
2, 4
2, 5
2, 6
2, 5
2, 4
3, 4
4, 4
4, 5
5, 5
6, 5
7, 5
8, 5
7, 5
6, 5
5, 5
5, 4
5, 3
5, 2
5, 1
5, 0
6, 0
7, 0
8, 0
9, 0
9, 1
9, 2
9, 3
9, 4

29.11.2020 16:24:41 Tarihli Oyun

14, 0

29.11.2020 16:25:00 Tarihli Oyun

29, 0
28, 0
27, 0
27, 1
27, 2
27, 3
26, 3
25, 3
24, 3
23, 3
22, 3
23, 3
24, 3
24, 4
