
22.11.2020 23:25:17 Tarihli Oyun

0, 19

22.11.2020 23:29:53 Tarihli Oyun

0, 19

22.11.2020 23:29:59 Tarihli Oyun

0, 19

22.11.2020 23:32:25 Tarihli Oyun

0, 19

22.11.2020 23:32:32 Tarihli Oyun

0, 19

22.11.2020 23:32:51 Tarihli Oyun

0, 19
0, 18
0, 17
0, 16
0, 15
0, 14
0, 13
1, 13
2, 13
3, 13
3, 12
3, 11
4, 11
5, 11
6, 11
7, 11
6, 11
6, 12
6, 13
6, 14
6, 15
5, 15
4, 15
3, 15
2, 15

22.11.2020 23:35:02 Tarihli Oyun

0, 3
0, 2
0, 1
0, 2
1, 2

22.11.2020 23:35:41 Tarihli Oyun

0, 3
0, 2
0, 1
1, 1
0, 1
0, 0
0, 1
1, 1
2, 1
2, 2
1, 2
0, 2
0, 1
1, 1
1, 0
2, 0
3, 0
3, 1
3, 2
3, 1
2, 1
1, 1
1, 0
0, 0
0, 1
0, 2
0, 1
0, 0
1, 0
2, 0

23.11.2020 01:25:23 Tarihli Oyun

0, 3

23.11.2020 01:25:46 Tarihli Oyun

0, 49
0, 48
0, 47
1, 47
2, 47
3, 47
4, 47
5, 47
5, 46
6, 46
7, 46
8, 46
8, 47
9, 47
10, 47
11, 47
10, 47
9, 47
8, 47
8, 46
8, 45
8, 44
8, 43
8, 42
7, 42
7, 41
6, 41
5, 41
5, 40
5, 39
5, 38
6, 38
7, 38
8, 38
8, 37
8, 36
8, 35
8, 34
8, 33
8, 32
9, 32
10, 32
11, 32
12, 32
13, 32
14, 32
15, 32
16, 32
17, 32
16, 32
16, 33
16, 34
16, 33
16, 32
16, 31
16, 30
16, 29
16, 28
16, 27
17, 27
16, 27
16, 26
16, 25
16, 24

23.11.2020 01:38:28 Tarihli Oyun

0, 29

23.11.2020 01:38:36 Tarihli Oyun

0, 29

23.11.2020 01:38:51 Tarihli Oyun

0, 29

23.11.2020 01:38:55 Tarihli Oyun

0, 29

23.11.2020 01:39:01 Tarihli Oyun

0, 29

23.11.2020 01:39:04 Tarihli Oyun

0, 29
0, 28
1, 28
2, 28
2, 27
3, 27
4, 27
5, 27
5, 28
5, 27
6, 27
6, 26
6, 25
6, 24
7, 24
7, 23
7, 22
8, 22
7, 22
6, 22
5, 22
4, 22
4, 21
3, 21
3, 22
3, 23
2, 23
1, 23
0, 23
0, 22
0, 21
0, 20
0, 19
0, 18
0, 17
1, 17
2, 17
3, 17
3, 18
4, 18
5, 18
6, 18
7, 18
8, 18
9, 18
10, 18
10, 19
11, 19
11, 20
12, 20
12, 21
13, 21
14, 21
13, 21
13, 22
14, 22
14, 23
14, 24
13, 24
12, 24

23.11.2020 01:46:36 Tarihli Oyun

0, 29
0, 28

23.11.2020 01:47:53 Tarihli Oyun

0, 19
0, 18
0, 17
0, 16
1, 16
2, 16
3, 16
3, 15
4, 15
5, 15
6, 15
7, 15
8, 15
9, 15
9, 16
9, 17
9, 18
8, 18
8, 17
7, 17
6, 17
6, 16
7, 16
8, 16
9, 16
10, 16
11, 16
12, 16
12, 15
11, 15
11, 14
11, 13
12, 13
12, 12
11, 12
10, 12
9, 12
9, 11
8, 11
7, 11
7, 10
7, 9
8, 9
8, 10
8, 11
8, 10
8, 9
9, 9
8, 9
8, 8
8, 7
8, 6
9, 6
10, 6
11, 6
12, 6
12, 7
12, 6
11, 6
11, 5
10, 5
9, 5
8, 5
7, 5
7, 6
7, 7
8, 7
9, 7
10, 7
9, 7
8, 7
7, 7

23.11.2020 01:53:12 Tarihli Oyun

0, 19
0, 18
0, 17
0, 16
0, 15
0, 14
0, 13
0, 12
0, 11
0, 10
0, 9
0, 8
0, 7
0, 6
0, 5
1, 5
2, 5
3, 5
4, 5
5, 5
6, 5
7, 5
7, 6
8, 6
9, 6
10, 6
11, 6
12, 6
13, 6
14, 6
14, 7
14, 8
14, 9
14, 10
14, 11
14, 12
15, 12
14, 12
15, 12
15, 13
15, 14
15, 15
16, 15
15, 15
15, 14
16, 14
17, 14
18, 14
18, 13
18, 12
18, 11
19, 11
18, 11
17, 11
16, 11
15, 11
14, 11
13, 11
12, 11
11, 11
12, 11
11, 11

23.11.2020 01:57:28 Tarihli Oyun

0, 19

23.11.2020 01:57:30 Tarihli Oyun

0, 19

23.11.2020 10:14:00 Tarihli Oyun

0, 19

23.11.2020 10:17:56 Tarihli Oyun

0, 19
0, 18
0, 17
0, 16
0, 15
0, 14
1, 14
1, 13
2, 13
3, 13
4, 13
5, 13
6, 13
7, 13
8, 13
8, 14
8, 15
8, 16
7, 16
6, 16
5, 16
5, 15
5, 14
5, 13
5, 12
5, 11
5, 10
5, 9
5, 8
4, 8
4, 9
4, 8
5, 8
6, 8
7, 8
8, 8
9, 8
9, 9
9, 10
9, 11
8, 11
8, 12
7, 12
6, 12
5, 12
4, 12
3, 12
2, 12
2, 11
3, 11
4, 11
5, 11
5, 10
5, 9
5, 8
5, 7
5, 6
5, 5
6, 5
7, 5
8, 5
9, 5
8, 5
7, 5
6, 5
5, 5
4, 5
4, 6
4, 7
4, 8
4, 9
4, 10
4, 11
4, 12
3, 12
3, 11
3, 10
4, 10
5, 10
5, 9
5, 8
5, 7
5, 6
6, 6
7, 6
8, 6
9, 6
9, 7

23.11.2020 10:23:13 Tarihli Oyun

0, 19

25.11.2020 12:14:10 Tarihli Oyun

0, 19

25.11.2020 12:14:56 Tarihli Oyun

0, 19
0, 18
1, 18
2, 18
1, 18
0, 18
0, 17

25.11.2020 12:15:30 Tarihli Oyun

0, 19
0, 18
0, 17
1, 17
2, 17
3, 17
3, 18
3, 17
4, 17
5, 17
6, 17
6, 18
6, 19
7, 19
7, 18
7, 17
7, 16
8, 16
9, 16
10, 16
11, 16
12, 16
13, 16
13, 15
14, 15
15, 15
16, 15
15, 15
14, 15
13, 15
12, 15
11, 15
10, 15
10, 14
10, 13
10, 12
10, 11
10, 10
10, 9

25.11.2020 12:20:01 Tarihli Oyun

0, 19

25.11.2020 12:20:04 Tarihli Oyun

0, 19

25.11.2020 12:20:47 Tarihli Oyun

0, 19

25.11.2020 12:21:49 Tarihli Oyun

0, 19

25.11.2020 12:21:59 Tarihli Oyun

0, 19

25.11.2020 12:24:37 Tarihli Oyun

0, 19

25.11.2020 12:24:56 Tarihli Oyun

0, 4
1, 4
2, 4
2, 3
3, 3
4, 3
3, 3
3, 2
3, 1
3, 0
4, 0
5, 0
4, 0
3, 0
2, 0
1, 0
0, 0
0, 1
0, 2
0, 3
0, 2
0, 1
0, 0
0, 1
0, 2
0, 3
0, 2
0, 1
1, 1
2, 1
3, 1

25.11.2020 12:32:17 Tarihli Oyun

0, 4

25.11.2020 12:32:35 Tarihli Oyun

0, 2
0, 1
1, 1
1, 0
2, 0

25.11.2020 12:33:14 Tarihli Oyun

0, 2
0, 1
0, 0
0, 1
1, 1
2, 1
1, 1
2, 1
1, 1
0, 1
0, 0
0, 1
1, 1
1, 0
2, 0
2, 1
1, 1
1, 2
1, 1
1, 0
1, 1
2, 1
1, 1

25.11.2020 12:36:33 Tarihli Oyun

0, 2
0, 1
1, 1
0, 1
1, 1
1, 2
1, 1
1, 0
1, 1
0, 1
0, 2
1, 2
2, 2
1, 2
0, 2
0, 1
0, 0
0, 1
0, 0
1, 0
0, 0
0, 1
1, 1
1, 2
0, 2
0, 1
0, 0

26.11.2020 16:09:24 Tarihli Oyun

0, 2

26.11.2020 16:10:01 Tarihli Oyun

0, 19
0, 18
1, 18
2, 18
2, 17
2, 16
3, 16
2, 16
1, 16
1, 15
1, 14
1, 13
1, 12
1, 11
1, 10
1, 9
1, 8
1, 7
1, 6
1, 5

26.11.2020 16:13:14 Tarihli Oyun

0, 19

29.11.2020 16:21:47 Tarihli Oyun

0, 19

29.11.2020 16:21:51 Tarihli Oyun

0, 19
0, 18
0, 17
1, 17
2, 17
3, 17
4, 17

29.11.2020 16:22:32 Tarihli Oyun

0, 14
0, 13
0, 12
0, 11
0, 10
1, 10
2, 10
3, 10
3, 9
4, 9
5, 9
6, 9
7, 9
8, 9
7, 9
6, 9
5, 9
6, 9
6, 10
5, 10
5, 9
5, 8
5, 7
6, 7
7, 7
8, 7
9, 7
8, 7
7, 7
6, 7
5, 7
5, 6
5, 5
6, 5
7, 5
8, 5
9, 5

29.11.2020 16:24:41 Tarihli Oyun

0, 14

29.11.2020 16:25:00 Tarihli Oyun

0, 39
0, 38
0, 37
0, 36
0, 35
0, 34
0, 33
0, 32
1, 32
2, 32
3, 32
4, 32
5, 32
6, 32
7, 32
8, 32
