
22.11.2020 23:25:18 Tarihli Oyun

19, 19

22.11.2020 23:29:53 Tarihli Oyun

19, 19

22.11.2020 23:29:59 Tarihli Oyun

19, 19

22.11.2020 23:32:25 Tarihli Oyun

19, 19

22.11.2020 23:32:32 Tarihli Oyun

19, 19

22.11.2020 23:32:51 Tarihli Oyun

19, 19
18, 19
18, 18
17, 18
16, 18
16, 17
15, 17
15, 16
16, 16
17, 16
16, 16
15, 16
14, 16
14, 15
14, 14
14, 13
14, 12
14, 11
14, 10
14, 9
13, 9
13, 8

22.11.2020 23:35:02 Tarihli Oyun

4, 3
3, 3
2, 3
2, 2

22.11.2020 23:35:41 Tarihli Oyun

4, 3
3, 3
2, 3
2, 2
1, 2
1, 3
2, 3
3, 3
4, 3
3, 3
2, 3
1, 3
1, 2
1, 1
1, 2
1, 1
0, 1
1, 1
1, 2
2, 2
1, 2
1, 3

23.11.2020 01:25:23 Tarihli Oyun

4, 3

23.11.2020 01:25:46 Tarihli Oyun

49, 49
48, 49
47, 49
46, 49
45, 49
44, 49
43, 49
42, 49
41, 49
40, 49
39, 49
39, 48
39, 47
39, 46
39, 45
39, 44
39, 43
40, 43
39, 43
38, 43
37, 43
37, 42
37, 41
37, 40
36, 40
35, 40
34, 40
33, 40
32, 40
33, 40
33, 41
33, 42
33, 41
33, 40
33, 39
33, 38
33, 37
32, 37
32, 36
31, 36
30, 36

23.11.2020 01:38:29 Tarihli Oyun

29, 29

23.11.2020 01:38:36 Tarihli Oyun

29, 29

23.11.2020 01:38:51 Tarihli Oyun

29, 29

23.11.2020 01:38:55 Tarihli Oyun

29, 29

23.11.2020 01:39:01 Tarihli Oyun

29, 29

23.11.2020 01:39:04 Tarihli Oyun

29, 29
28, 29
27, 29
27, 28
27, 27
28, 27
28, 26
27, 26
26, 26
25, 26
24, 26
24, 25
23, 25
22, 25
21, 25
20, 25
20, 26
20, 25
20, 24
20, 23
19, 23
18, 23
18, 24
18, 25
18, 26
18, 27
18, 28
19, 28
18, 28
17, 28
16, 28
15, 28
14, 28
14, 27
13, 27
13, 26
12, 26
11, 26
11, 27
10, 27
10, 26
9, 26
9, 27
9, 28
9, 27
10, 27
11, 27
12, 27
12, 28
13, 28
14, 28
15, 28
15, 27
15, 26
15, 25
16, 25
17, 25

23.11.2020 01:46:36 Tarihli Oyun

29, 29

23.11.2020 01:47:53 Tarihli Oyun

19, 19
18, 19
18, 18
18, 17
18, 16
18, 15
18, 14
18, 13
17, 13
17, 12
17, 11
17, 12
17, 13
17, 14
17, 15
17, 16
17, 17
17, 18
16, 18
15, 18
14, 18
13, 18
12, 18
12, 17
13, 17
12, 17
13, 17
13, 16
13, 15
12, 15
11, 15
11, 16
10, 16
10, 15
10, 14
10, 13
9, 13
8, 13
8, 12
7, 12
6, 12
5, 12
4, 12
3, 12
2, 12
1, 12
0, 12
0, 11
0, 10
0, 9
0, 8
0, 7
0, 6
0, 5
0, 4
0, 3
0, 2
1, 2
2, 2
2, 1
2, 0
3, 0
4, 0
5, 0
4, 0
3, 0
2, 0

23.11.2020 01:53:12 Tarihli Oyun

19, 19
18, 19
17, 19
17, 18
17, 17
17, 16
17, 15
16, 15
16, 14
16, 13
16, 12
16, 11
16, 10
16, 9
17, 9
18, 9
18, 8
19, 8
18, 8
17, 8
16, 8
15, 8
14, 8
13, 8
12, 8
11, 8
10, 8
11, 8
12, 8
13, 8
13, 9
13, 10
13, 11
13, 12
13, 13
13, 14
13, 15
12, 15
12, 16
12, 17
12, 18
12, 17
12, 16
12, 15
12, 14
12, 13
12, 12
12, 11
12, 10
12, 9
12, 8
12, 7
12, 6
12, 5
12, 4
13, 4
14, 4
15, 4
14, 4
13, 4
12, 4
11, 4
11, 3
11, 2
10, 2
9, 2
8, 2
7, 2
6, 2
5, 2
4, 2
3, 2
2, 2
2, 1
1, 1
0, 1
0, 2
0, 3
0, 4
0, 5
0, 6
0, 7
0, 8
0, 9
0, 10

23.11.2020 01:57:28 Tarihli Oyun

19, 19

23.11.2020 01:57:30 Tarihli Oyun

19, 19

23.11.2020 10:14:00 Tarihli Oyun

19, 19

23.11.2020 10:17:56 Tarihli Oyun

19, 19
18, 19
17, 19
16, 19
15, 19
14, 19
14, 18
14, 17
14, 16
14, 15
14, 14
14, 13
14, 12
14, 11
14, 10
13, 10
12, 10
11, 10
11, 11
11, 12
11, 13
12, 13
13, 13
14, 13
15, 13
16, 13
17, 13
18, 13
17, 13
16, 13
15, 13
14, 13
13, 13
12, 13
11, 13
10, 13
9, 13
8, 13
7, 13
6, 13
5, 13
4, 13
3, 13
3, 12
3, 11
3, 10
3, 9
3, 8
3, 7
4, 7

23.11.2020 10:23:13 Tarihli Oyun

19, 19

25.11.2020 12:14:10 Tarihli Oyun

19, 19

25.11.2020 12:14:56 Tarihli Oyun

19, 19
18, 19
17, 19
16, 19
15, 19

25.11.2020 12:15:30 Tarihli Oyun

19, 19
18, 19
17, 19
16, 19
16, 18

25.11.2020 12:20:01 Tarihli Oyun

19, 19

25.11.2020 12:20:04 Tarihli Oyun

19, 19

25.11.2020 12:20:47 Tarihli Oyun

19, 19

25.11.2020 12:21:49 Tarihli Oyun

19, 19

25.11.2020 12:21:59 Tarihli Oyun

19, 19

25.11.2020 12:24:38 Tarihli Oyun

19, 19

25.11.2020 12:24:56 Tarihli Oyun

7, 4
6, 4
5, 4
5, 3
6, 3
7, 3
7, 4
6, 4
5, 4
4, 4
3, 4
2, 4
1, 4
0, 4
1, 4
2, 4
3, 4
2, 4
2, 3
2, 2
2, 1
2, 0
3, 0
4, 0
5, 0
6, 0
6, 1

25.11.2020 12:32:17 Tarihli Oyun

7, 4

25.11.2020 12:32:35 Tarihli Oyun

2, 2
2, 1
1, 1
0, 1

25.11.2020 12:33:14 Tarihli Oyun

2, 2
1, 2
1, 1
1, 2
0, 2
0, 1

25.11.2020 12:36:33 Tarihli Oyun

2, 2
1, 2
0, 2
1, 2
1, 1
2, 1
1, 1
0, 1
0, 0
1, 0
2, 0
2, 1
1, 1
1, 0
1, 1
1, 0
1, 1

26.11.2020 16:09:24 Tarihli Oyun

2, 2

26.11.2020 16:10:01 Tarihli Oyun

19, 19
18, 19
17, 19
16, 19
15, 19
15, 18
15, 17
15, 16
14, 16
13, 16
13, 15
13, 14
13, 13
13, 14
13, 15
13, 16
13, 15
13, 14
13, 13
13, 12
13, 11
13, 10

26.11.2020 16:13:14 Tarihli Oyun

19, 19

29.11.2020 16:21:47 Tarihli Oyun

19, 19

29.11.2020 16:21:51 Tarihli Oyun

19, 19
18, 19
17, 19
17, 18
17, 17
17, 16
17, 15
17, 14
17, 13

29.11.2020 16:22:32 Tarihli Oyun

14, 14
13, 14
12, 14
11, 14
11, 13
11, 12
10, 12
10, 11
10, 10
10, 9
10, 8
9, 8
8, 8
7, 8
6, 8
5, 8
4, 8
4, 7
4, 6
4, 5
4, 4
5, 4
5, 3
6, 3
7, 3
8, 3
9, 3
10, 3
10, 4
10, 5
11, 5
12, 5
13, 5
14, 5
14, 6
14, 7
14, 8

29.11.2020 16:24:41 Tarihli Oyun

14, 14

29.11.2020 16:25:00 Tarihli Oyun

29, 39
28, 39
27, 39
26, 39
25, 39
24, 39
23, 39
23, 38
23, 37
23, 36
23, 35
22, 35
21, 35
21, 34
